000010 00000 00010 0000000000001010 
100010 00000000000000000000000011 
111100 00000000000000000000000000 
000010 11110 11110 1000000000001100 
101001 11111 11110 0000000000001100 
101001 00010 11110 0000000000001000 
000010 00010 00011 1000000000000001 
100001 00000000000111111111111100 
000010 00010 00010 1000000000000001 
100010 00000000000000000000000011 
000010 00001 00011 0000000000000000 
000010 00010 00010 1000000000000001 
100010 00000000000000000000000011 
000001 00001 00011 00001 00000 000000 
100111 11110 11111 0000000000001100 
100111 11110 00010 0000000000001000 
000010 11110 11110 0000000000001100 
100011 11111 00000 00000 00000 000000 
000010 00000 00001 0000000000000001 
000010 11110 11110 0000000000001100 
100011 11111 00000 00000 00000 000000 
